a:
x: 1.000000
y: 0.000000
rho: 1.000000
theta: 0.000000 
b:
x: 0.000000
y: 2.000000
rho: 2.000000
theta: 1.570796 
a:
x: -1.000000
y: 0.000000
rho: 1.000000
theta: 3.141593 
b:
x: 0.000000
y: 2.000000
rho: 2.000000
theta: 1.570796 